3
525
68
0 0 525 2 -6 10 0 3 4 5 6 7 8 11 12 15 19 
1 0 525 2 -6 10 0 3 3 4 5 6 8 9 12 15 21 
2 0 525 2 -6 10 0 2 4 5 6 7 9 11 13 15 18 
3 0 525 2 -6 10 0 2 3 3 5 7 10 12 14 15 17 
4 0 525 2 -6 10 0 1 5 5 6 6 7 11 12 17 18 
5 0 525 2 -6 10 0 1 3 4 5 6 9 10 14 15 19 
6 0 525 2 -6 10 0 1 2 2 3 4 5 6 15 17 21 
7 0 525 2 -6 10 0 1 1 2 3 3 4 5 6 7 30 
8 0 525 2 -6 10 0 2 3 4 5 5 7 9 12 16 21 
9 0 525 3 -3 9 0 6 7 7 8 8 9 11 15 19 
10 0 525 3 -3 9 0 6 6 6 6 7 10 12 17 18 
11 0 525 3 -3 9 0 5 7 7 7 8 11 12 15 18 
12 0 525 3 -3 9 0 5 6 6 6 7 9 11 15 21 
13 0 525 3 -3 9 0 5 5 5 5 7 12 12 17 18 
14 0 525 3 -3 9 0 4 8 8 8 9 9 10 16 18 
15 0 525 3 -3 9 0 4 7 7 8 9 9 14 15 17 
16 0 525 3 -3 9 0 4 6 6 6 7 10 11 16 20 
17 0 525 3 -3 9 0 4 5 5 5 5 9 9 14 24 
18 0 525 3 -3 9 0 4 4 4 5 6 10 12 16 21 
19 0 525 3 -3 9 0 3 8 8 9 9 9 11 15 18 
20 0 525 3 -3 9 0 3 7 7 7 8 8 10 15 21 
21 0 525 3 -3 9 0 3 6 6 6 7 7 13 15 21 
22 0 525 3 -3 9 0 3 5 5 5 6 6 11 17 22 
23 0 525 3 -3 9 0 3 4 4 4 6 6 10 14 25 
24 0 525 3 -3 9 0 3 3 3 3 6 6 11 14 25 
25 0 525 3 -3 9 0 2 8 8 9 9 11 11 15 17 
26 0 525 3 -3 9 0 2 7 7 7 9 9 9 16 20 
27 0 525 3 -3 9 0 2 6 6 6 7 8 13 16 20 
28 0 525 3 -3 9 0 2 5 5 5 6 6 7 11 27 
29 0 525 3 -3 9 0 2 4 4 4 5 6 8 12 27 
30 0 525 3 -3 9 0 2 3 3 3 3 5 6 7 30 
31 0 525 3 -3 9 0 2 2 2 3 3 5 5 21 23 
32 0 525 3 -3 9 0 1 9 9 9 10 10 11 14 17 
33 0 525 3 -3 9 0 1 8 8 9 9 9 10 17 17 
34 0 525 3 -3 9 0 1 7 7 7 8 8 15 15 18 
35 0 525 3 -3 9 0 1 6 6 6 7 7 7 13 25 
36 0 525 3 -3 9 0 1 5 5 5 6 6 7 18 23 
37 0 525 3 -3 9 0 1 4 4 5 5 6 7 21 21 
38 0 525 3 -3 9 0 1 3 3 3 4 4 7 10 29 
39 0 525 3 -3 9 0 1 2 2 2 3 4 6 20 24 
40 0 525 3 -3 9 0 1 1 1 1 5 6 6 7 30 
41 0 525 3 -3 9 0 6 6 6 6 7 12 12 13 20 
42 0 525 3 -3 9 0 5 7 7 8 8 9 13 15 18 
43 0 525 3 -3 9 0 5 6 6 6 7 11 13 17 17 
44 0 525 3 -3 9 0 5 5 5 6 6 7 10 15 23 
45 0 525 3 -3 9 0 4 7 7 8 9 11 11 15 18 
46 0 525 3 -3 9 0 4 6 6 6 9 10 14 15 18 
47 0 525 3 -3 9 0 4 4 4 5 7 8 12 12 24 
48 0 525 3 -3 9 0 3 8 8 9 9 10 11 13 19 
49 0 525 3 -3 9 0 3 7 7 7 8 10 12 15 19 
50 0 525 3 -3 9 0 3 6 6 6 7 12 12 14 20 
51 0 525 3 -3 9 0 3 5 5 5 6 8 11 13 24 
52 0 525 3 -3 9 0 3 4 4 4 6 7 10 18 22 
53 0 525 3 -3 9 0 3 3 3 4 4 6 15 17 21 
54 0 525 3 -3 9 0 2 8 8 9 10 10 12 13 18 
55 0 525 3 -3 9 0 2 7 7 7 9 9 10 14 21 
56 0 525 3 -3 9 0 2 6 6 6 8 8 12 15 21 
57 0 525 4 0 8 0 10 10 10 10 10 10 15 15 
58 0 525 4 0 8 0 9 10 10 10 10 12 13 16 
59 0 525 4 0 8 0 9 9 9 9 9 10 16 17 
60 0 525 4 0 8 0 8 10 10 10 11 12 14 15 
61 0 525 4 0 8 0 8 9 9 9 9 10 11 21 
62 0 525 4 0 8 0 8 8 8 8 8 8 15 21 
63 0 525 4 0 8 0 7 10 10 11 12 12 14 14 
64 0 525 4 0 8 0 7 9 9 9 9 9 14 20 
65 0 525 4 0 8 0 7 8 8 8 8 14 15 18 
66 0 525 4 0 8 0 7 7 7 7 7 9 18 20 
67 0 525 4 0 8 0 5 10 10 10 10 12 15 16 
1217
-241127365767819076 2 9 9 
134740002215816415 2 9 10 
-169966517805466766 2 9 11 
904530750929350416 2 9 12 
37981692793350248 2 9 13 
385923782531625252 2 9 14 
-161528521195027564 2 9 15 
29617052285299569 2 9 16 
-181182062661666236 2 9 17 
-204610613545945003 2 9 18 
-488314049307043240 2 9 19 
64202580304825051 2 9 20 
216769182773356000 2 9 21 
444561287900268821 2 9 22 
-48759654951321447 2 9 23 
-42406447944440771 2 9 24 
68730555025926840 2 9 25 
-162595786829364027 2 9 26 
-49147137908125360 2 9 27 
417539226173515113 2 9 28 
-348125165404357293 2 9 29 
543424199654928912 2 9 30 
267811844020166762 2 9 31 
-153320305875269277 2 9 32 
-240098452900112957 2 9 33 
332494655550013091 2 9 34 
144037778290049850 2 9 35 
-105066134433411002 2 9 36 
-477470897454995561 2 9 37 
415219991214212640 2 9 38 
-8982290588911876 2 9 39 
13762353210501668 2 9 40 
-235055904449295663 2 9 41 
361860562587933488 2 9 42 
-33745683845739672 2 9 43 
-270347418331955641 2 9 44 
14320768762362699 2 9 45 
89384704989741603 2 9 46 
-241149654399615157 2 9 47 
-246587722581031151 2 9 48 
-75325664639210115 2 9 49 
-299515383312211729 2 9 50 
53839271750998015 2 9 51 
-225952151054335677 2 9 52 
21504396439092720 2 9 53 
682689731896599831 2 9 54 
319868675220189435 2 9 55 
26900443568592876 2 9 56 
-165076290669357153 2 10 10 
-167612887482489984 2 10 11 
1230657248888558310 2 10 12 
156177157996851360 2 10 13 
908566036061658822 2 10 14 
-388936064209752297 2 10 15 
148759988962281249 2 10 16 
-132083817286783305 2 10 17 
-657927806651254002 2 10 18 
-793085614614152640 2 10 19 
-434640647275248624 2 10 20 
157501672941366819 2 10 21 
434899398176498979 2 10 22 
-160881043241488602 2 10 23 
40621642245257550 2 10 24 
616760595827497944 2 10 25 
395055256054712331 2 10 26 
-50662957939875153 2 10 27 
193251553772089953 2 10 28 
-292285461318894084 2 10 29 
212018573864026860 2 10 30 
346265345016728703 2 10 31 
-853762644650308845 2 10 32 
-649384501264416780 2 10 33 
359916135446298609 2 10 34 
668854639666344873 2 10 35 
-680403453826072809 2 10 36 
-1403548411317641610 2 10 37 
655592004110674704 2 10 38 
455583117837317718 2 10 39 
21655760160502515 2 10 40 
-631531556890187841 2 10 41 
223323268731838902 2 10 42 
76468678466127327 2 10 43 
-150574707712470153 2 10 44 
14219012099113311 2 10 45 
96458027093106195 2 10 46 
90459227610396711 2 10 47 
-124383783586980303 2 10 48 
1544336948149785 2 10 49 
3499751096058291 2 10 50 
-22354973723471901 2 10 51 
17339005449818439 2 10 52 
-2974931370376176 2 10 53 
30375412136642943 2 10 54 
-106557750282573825 2 10 55 
-15561482886573216 2 10 56 
-51828046660217556 2 11 11 
758145707259690116 2 11 12 
-146482197706434192 2 11 13 
364101474717974976 2 11 14 
-116674332380116514 2 11 15 
-150269265203679250 2 11 16 
-209492780747064842 2 11 17 
72161322362635380 2 11 18 
-333057160405373756 2 11 19 
257069090875167508 2 11 20 
93616009275659606 2 11 21 
742367010958838470 2 11 22 
167055884263047876 2 11 23 
34164166684179052 2 11 24 
-84257932434406388 2 11 25 
-184508859369448314 2 11 26 
-156954612378985558 2 11 27 
516044959422325970 2 11 28 
-174172785297754312 2 11 29 
291190449304511940 2 11 30 
326819472262862342 2 11 31 
16594957759427774 2 11 32 
-357507217751361916 2 11 33 
529377035741425954 2 11 34 
418560961815517578 2 11 35 
-234945322633841842 2 11 36 
-409489768373689144 2 11 37 
186109556851096388 2 11 38 
-301273152804860352 2 11 39 
16397124420912694 2 11 40 
-257474684869719798 2 11 41 
-114215865585893580 2 11 42 
450103196657318162 2 11 43 
-494369206766057290 2 11 44 
13756405022170122 2 11 45 
154072383319206978 2 11 46 
-181293264773853066 2 11 47 
-505805395283331594 2 11 48 
-98965545684978606 2 11 49 
-168686650561378146 2 11 50 
-198717199867388454 2 11 51 
-227770999722900450 2 11 52 
3719212399362096 2 11 53 
928324756053530646 2 11 54 
313781132454495906 2 11 55 
3032458123683000 2 11 56 
-938765778651934664 2 12 12 
-124715676868413020 2 12 13 
-442765337834457264 2 12 14 
165125657766116204 2 12 15 
1190131255742179562 2 12 16 
114250397032782384 2 12 17 
-487586270138024222 2 12 18 
611306888247102632 2 12 19 
-1324167191919972054 2 12 20 
-793710073616850728 2 12 21 
-1669415050362144778 2 12 22 
-47496836561429838 2 12 23 
-304718594844463254 2 12 24 
-339355197896824712 2 12 25 
154798588288843986 2 12 26 
1576898731943071440 2 12 27 
-1329757419137951662 2 12 28 
-55488515299588270 2 12 29 
-127758675776849532 2 12 30 
-106517716817612880 2 12 31 
-297624198391570366 2 12 32 
602216432166451114 2 12 33 
-661360782889440706 2 12 34 
-1298109701627271672 2 12 35 
27470588215511440 2 12 36 
88582894427726758 2 12 37 
-274768732449566752 2 12 38 
1086593995084720288 2 12 39 
-14401029725355112 2 12 40 
727844455734325482 2 12 41 
-150062059924837964 2 12 42 
-1867772223315244024 2 12 43 
1126945452009287766 2 12 44 
-76540245366976578 2 12 45 
-817776797138695362 2 12 46 
336257085096643078 2 12 47 
1475422873599347582 2 12 48 
159203836859747766 2 12 49 
-168407301567095534 2 12 50 
1116007055791669298 2 12 51 
271400259640523442 2 12 52 
23997864195749160 2 12 53 
-2359444168805093814 2 12 54 
-320751466322984970 2 12 55 
22128911429023716 2 12 56 
92151407662540368 2 13 13 
-129372980092422372 2 13 14 
46127048023426712 2 13 15 
6821200654429036 2 13 16 
165099479182054544 2 13 17 
-174878236826015028 2 13 18 
-63351806023743256 2 13 19 
-196729590828539668 2 13 20 
140819952786346252 2 13 21 
-365858787733688164 2 13 22 
-382000586066012868 2 13 23 
167674111204359668 2 13 24 
313858209022001576 2 13 25 
210190853030369292 2 13 26 
-134612365056698228 2 13 27 
-191822722769168240 2 13 28 
59284617234142168 2 13 29 
-11042516925306252 2 13 30 
-21104411573695148 2 13 31 
-278660252114008796 2 13 32 
190464523302780844 2 13 33 
-346955236372147456 2 13 34 
-254939757691206924 2 13 35 
81350826835585876 2 13 36 
-21058255600748144 2 13 37 
37638519786171316 2 13 38 
199375009620562512 2 13 39 
2379681236094164 2 13 40 
-59776614439924668 2 13 41 
522807801919730904 2 13 42 
-470755778150870996 2 13 43 
255831326970459052 2 13 44 
2103782768356716 2 13 45 
-121179104582403948 2 13 46 
132201435567823944 2 13 47 
361416192581854356 2 13 48 
71013333333767772 2 13 49 
215195138253581352 2 13 50 
13720696131116256 2 13 51 
153941094414591840 2 13 52 
-6418733587941192 2 13 53 
-689515809567652932 2 13 54 
-200195901970966368 2 13 55 
-7928690845114476 2 13 56 
10366111613336784 2 14 14 
-28487309381200488 2 14 15 
524688064282353594 2 14 16 
-126340326871279884 2 14 17 
-307593741416551266 2 14 18 
-33386828779495068 2 14 19 
-867267921112991334 2 14 20 
-239728103543367756 2 14 21 
-717867596746320786 2 14 22 
-110978866965903822 2 14 23 
-36165426787423770 2 14 24 
-251737832453914824 2 14 25 
92567986292343714 2 14 26 
852975237319848684 2 14 27 
-327179030563488306 2 14 28 
-289822427755646046 2 14 29 
275564328233537520 2 14 30 
249859930871049660 2 14 31 
-279329926740603390 2 14 32 
240382366097265594 2 14 33 
-113819646199007538 2 14 34 
-647429565054228384 2 14 35 
-140644792994378280 2 14 36 
-229610964847735266 2 14 37 
76368048089857512 2 14 38 
566289556910258820 2 14 39 
2018210294927760 2 14 40 
155288786018377074 2 14 41 
217978013238302220 2 14 42 
-1186689213160032636 2 14 43 
329442603084330402 2 14 44 
-54822791326697106 2 14 45 
-526629373433969790 2 14 46 
31040095822562862 2 14 47 
889164013633591482 2 14 48 
102909396949693278 2 14 49 
-101261661975325374 2 14 50 
724635752896829514 2 14 51 
134778284828710938 2 14 52 
17241034597168956 2 14 53 
-1224865137492369474 2 14 54 
-95533211471001066 2 14 55 
31645867291589292 2 14 56 
667990053320928 2 15 15 
-217183111658462299 2 15 16 
20965528862216480 2 15 17 
197860872319271789 2 15 18 
850363960024068 2 15 19 
377799628870330523 2 15 20 
52809516973791996 2 15 21 
361327367647204605 2 15 22 
86082847768933197 2 15 23 
16688714912297021 2 15 24 
60477629428961056 2 15 25 
-29093363336340495 2 15 26 
-324482719500696068 2 15 27 
197057923267909409 2 15 28 
88631648665524455 2 15 29 
-135996896206698816 2 15 30 
-64204553283498818 2 15 31 
115128654920951699 2 15 32 
-80342835982242189 2 15 33 
147120160489600047 2 15 34 
265488232823028342 2 15 35 
77534119464251910 2 15 36 
100972795246986699 2 15 37 
-4474223077477168 2 15 38 
-294824818379259748 2 15 39 
-30168276664855659 2 15 41 
-117120307601995720 2 15 42 
507229950749181764 2 15 43 
-182446830062438537 2 15 44 
31338273960645807 2 15 45 
186619333165437639 2 15 46 
-54038166085329337 2 15 47 
-384835262874313259 2 15 48 
-60457466083344963 2 15 49 
-545834715291145 2 15 50 
-278673894281109737 2 15 51 
-80231439578462421 2 15 52 
-1799865863484888 2 15 53 
569187445525847535 2 15 54 
58781171672000907 2 15 55 
-428015374183404 2 15 56 
-73352220854561600 2 16 16 
-189393554318577003 2 16 17 
-381633337947789833 2 16 18 
-736564617132572488 2 16 19 
-379772144690478141 2 16 20 
426287630692379485 2 16 21 
276963909507704366 2 16 22 
-328561073713307601 2 16 23 
280153841301599715 2 16 24 
376895759031831448 2 16 25 
171015994137854298 2 16 26 
-180823840280259603 2 16 27 
390479486730787892 2 16 28 
-235126053440329393 2 16 29 
524253906359282796 2 16 30 
496022924382408207 2 16 31 
-587925272310830752 2 16 32 
-285103167529642781 2 16 33 
165996372416475518 2 16 34 
202074522972235125 2 16 35 
-456478005721817597 2 16 36 
-848103321355604711 2 16 37 
425838679202226056 2 16 38 
175282985828796610 2 16 39 
18748849406950937 2 16 40 
-599487545588087598 2 16 41 
575006086993658122 2 16 42 
-239923315862240263 2 16 43 
-332586552993100908 2 16 44 
-15853309290052632 2 16 45 
-47425537918206588 2 16 46 
33075476429804872 2 16 47 
242890574764843616 2 16 48 
-4317478777242144 2 16 49 
172528860217002424 2 16 50 
-328804398045016 2 16 51 
121072098100915248 2 16 52 
-25015643720433948 2 16 53 
-329562948415458288 2 16 54 
14383604360563560 2 16 55 
-19920650494794948 2 16 56 
69061659729548720 2 17 17 
1151770215324737 2 17 18 
-36335967303846604 2 17 19 
202384788086758291 2 17 20 
194555806850468896 2 17 21 
11082383661429641 2 17 22 
-207621037120579899 2 17 23 
148392128729521429 2 17 24 
264026237803241784 2 17 25 
61676974799404965 2 17 26 
-352651368492749260 2 17 27 
42205316766612141 2 17 28 
61013721661861011 2 17 29 
-17852999169941124 2 17 30 
-70813203540208306 2 17 31 
-74024093498230605 2 17 32 
55850836818729727 2 17 33 
-129760123729861009 2 17 34 
-12201847229689722 2 17 35 
149521020529842862 2 17 36 
82997310047044375 2 17 37 
21383449108427112 2 17 38 
-110824772314773256 2 17 39 
-1506730553871292 2 17 40 
-82421014732579251 2 17 41 
330067997557975604 2 17 42 
18828085322549556 2 17 43 
25879751539289795 2 17 44 
10659178524824283 2 17 45 
89851738810087803 2 17 46 
17593528006140503 2 17 47 
-65392348601069699 2 17 48 
19802525620703889 2 17 49 
124794696619204139 2 17 50 
-202126190857552229 2 17 51 
36273081093069567 2 17 52 
-25749445926473976 2 17 53 
40585886069717823 2 17 54 
-59293615733062209 2 17 55 
-28086797183017620 2 17 56 
376481778037387527 2 18 18 
596804901282931436 2 18 19 
978653865466689956 2 18 20 
-302466826961538779 2 18 21 
521838992133867977 2 18 22 
685772168107212990 2 18 23 
-311036873626314838 2 18 24 
-542296131512216404 2 18 25 
-355306101203020767 2 18 26 
-317727186679363331 2 18 27 
172973550520460515 2 18 28 
310520200816766104 2 18 29 
-549082581646298148 2 18 30 
-442395741981046139 2 18 31 
959504997074020729 2 18 32 
-37883262378604772 2 18 33 
302536194253629323 2 18 34 
435183444828189243 2 18 35 
248882433242665429 2 18 36 
863866799497855774 2 18 37 
-433414713215137064 2 18 38 
-694785590288846814 2 18 39 
-16911383687411683 2 18 40 
334459525184417793 2 18 41 
-1078084093167295278 2 18 42 
1273522735373210977 2 18 43 
-262804984094111531 2 18 44 
31491185230200405 2 18 45 
410299101369825069 2 18 46 
-175372072144220835 2 18 47 
-967564946893995537 2 18 48 
-82323168819682557 2 18 49 
-164367623249794839 2 18 50 
-413955773053996839 2 18 51 
-238428669413080839 2 18 52 
29599652113379268 2 18 53 
1490087329116839121 2 18 54 
190569019788459045 2 18 55 
23892919819317516 2 18 56 
-15832391649329664 2 19 19 
1029127533983047064 2 19 20 
290523149403002232 2 19 21 
1017016203277560252 2 19 22 
295229729544039804 2 19 23 
85460999464709912 2 19 24 
-65838245659172036 2 19 25 
-271022503142720700 2 19 26 
-904927268585346644 2 19 27 
685640742059412968 2 19 28 
208675881321792188 2 19 29 
-115462374502552104 2 19 30 
-77441121542620964 2 19 31 
605741950927379924 2 19 32 
-219209198180709576 2 19 33 
388019510836621956 2 19 34 
715861873124526984 2 19 35 
122055760605511200 2 19 36 
462314510312640660 2 19 37 
-167013684009578908 2 19 38 
-884964350488049740 2 19 39 
3514172928863856 2 19 40 
-163237098750175176 2 19 41 
-341579430265913260 2 19 42 
1434689777286707516 2 19 43 
-692721681687764276 2 19 44 
46906176613274652 2 19 45 
494932278289852656 2 19 46 
-240483180957567880 2 19 47 
-993781374872170460 2 19 48 
-138259326215201304 2 19 49 
73340676490643948 2 19 50 
-709927925353469624 2 19 51 
-255895546072197000 2 19 52 
1168379805929244 2 19 53 
1638632000890229508 2 19 54 
272818991791004496 2 19 55 
19834397431747548 2 19 56 
465242286225361337 2 20 20 
-367417893883412825 2 20 21 
-38452905573914707 2 20 22 
641776194276993228 2 20 23 
-212811874791201884 2 20 24 
-575723140016337048 2 20 25 
-310702803245973843 2 20 26 
-294121779259525729 2 20 27 
-142993840028694153 2 20 28 
557210612393668926 2 20 29 
-751827690663151704 2 20 30 
-665483944802984257 2 20 31 
1142721039662144181 2 20 32 
374043520822732666 2 20 33 
-105707809331716525 2 20 34 
-70175983769940603 2 20 35 
568700648130470791 2 20 36 
1437926754524835016 2 20 37 
-869382588112850904 2 20 38 
-704866470418956526 2 20 39 
-36348980904709597 2 20 40 
507372907450077453 2 20 41 
-1087264119920987530 2 20 42 
952258785872118735 2 20 43 
-72112958723489155 2 20 44 
44278875670829361 2 20 45 
318356011114244541 2 20 46 
49555643963338745 2 20 47 
-479056300130997149 2 20 48 
-21379902794678985 2 20 49 
3263154648526589 2 20 50 
-382314340296134951 2 20 51 
-39457000931485995 2 20 52 
-20359770983258592 2 20 53 
594631424494272753 2 20 54 
-37213830240250179 2 20 55 
-30639967225481436 2 20 56 
-120035538656601684 2 21 21 
-707442157068823863 2 21 22 
-243893577825420987 2 21 23 
21392940711486997 2 21 24 
82490737484335040 2 21 25 
141127567673882601 2 21 26 
401093834148492980 2 21 27 
-642718875926725259 2 21 28 
29384317415081119 2 21 29 
-230286503119399248 2 21 30 
-167422114255584814 2 21 31 
-250780263684744221 2 21 32 
233104313266069611 2 21 33 
-384834120393663153 2 21 34 
-395002709601331194 2 21 35 
198112119665778366 2 21 36 
78088150642044627 2 21 37 
-11323003984895876 2 21 38 
360794121959581468 2 21 39 
-6365246637877956 2 21 40 
372647006392392873 2 21 41 
140792855310414148 2 21 42 
-637848130441468724 2 21 43 
631470026915574671 2 21 44 
9336374070000603 2 21 45 
-216103156196092245 2 21 46 
124999881429753499 2 21 47 
419188316329104929 2 21 48 
97840494282609693 2 21 49 
53171484830620123 2 21 50 
309559178740122203 2 21 51 
151549620510229983 2 21 52 
12472992995510964 2 21 53 
-759426686512356117 2 21 54 
-222078980360076105 2 21 55 
16569416728250652 2 21 56 
-383479642462204566 2 22 22 
527948036595037293 2 22 23 
-290676637095616159 2 22 24 
-920455241057830328 2 22 25 
-358654359160480236 2 22 26 
764832605938368409 2 22 27 
-648976238775698554 2 22 28 
227838670717634813 2 22 29 
-450172059497881608 2 22 30 
-376977536949986789 2 22 31 
732073331126746190 2 22 32 
524909987594655957 2 22 33 
-211767327221228916 2 22 34 
-787973586063607263 2 22 35 
338809454475452151 2 22 36 
1075521987694271067 2 22 37 
-683496276949362904 2 22 38 
-95704586429004586 2 22 39 
-36551346373586751 2 22 40 
791146810731826620 2 22 41 
-1000333034851272094 2 22 42 
-297741948212830375 2 22 43 
445681869105303346 2 22 44 
-48913711486489458 2 22 45 
-236124299732162586 2 22 46 
58506647162718218 2 22 47 
314067084276835114 2 22 48 
29220289273962174 2 22 49 
-210939834482005846 2 22 50 
437980530958316062 2 22 51 
70005905523973098 2 22 52 
-18958073214598104 2 22 53 
-459940553758184490 2 22 54 
28390716594887106 2 22 55 
-24826967358897540 2 22 56 
392551242838327947 2 23 23 
-279721988275760418 2 23 24 
-645639850414173120 2 23 25 
-380858735686811451 2 23 26 
-47556780331912575 2 23 27 
436518172077976539 2 23 28 
105284106724559904 2 23 29 
-26563899411851844 2 23 30 
-2864671231802307 2 23 31 
860538779301793881 2 23 32 
-78162484707019008 2 23 33 
552975788419894743 2 23 34 
262310390654494191 2 23 35 
65353766089901193 2 23 36 
465248161551344526 2 23 37 
-491736409696367352 2 23 38 
-652333488050778090 2 23 39 
-10158175610113923 2 23 40 
114086274322880637 2 23 41 
-959135820089636562 2 23 42 
930171487020660609 2 23 43 
-577874480683573923 2 23 44 
33825015557527509 2 23 45 
224343527902682337 2 23 46 
-207831290263408827 2 23 47 
-625700060874555225 2 23 48 
-83703711859990437 2 23 49 
-321999162691880895 2 23 50 
-122969643416981655 2 23 51 
-275512414881196395 2 23 52 
8015847647888640 2 23 53 
1144408150773917241 2 23 54 
278717531077516893 2 23 55 
-3395059526327976 2 23 56 
-5340172465329841 2 24 24 
195736960627372476 2 24 25 
46886061812393541 2 24 26 
130908638471594813 2 24 27 
-341384186365076385 2 24 28 
5558648946188556 2 24 29 
-115087776920774112 2 24 30 
-233152531909165903 2 24 31 
-217905908906940147 2 24 32 
48318874312650172 2 24 33 
-281337987485473573 2 24 34 
-155900058241063545 2 24 35 
77769069025724101 2 24 36 
-4135531921712474 2 24 37 
183840671906852256 2 24 38 
331853686920006686 2 24 39 
-887305831687483 2 24 40 
137421259783727601 2 24 41 
148050150905797874 2 24 42 
-351583677145551363 2 24 43 
385481104578469013 2 24 44 
-10706349445796403 2 24 45 
-62405897163366891 2 24 46 
76225698490481465 2 24 47 
204268193442541507 2 24 48 
32622403052639019 2 24 49 
47888579328389501 2 24 50 
79759192643529541 2 24 51 
104548951218381705 2 24 52 
10541843208326304 2 24 53 
-365982270427489287 2 24 54 
-74469714070045575 2 24 55 
14125336032883452 2 24 56 
249898085506103200 2 25 25 
317529437343972528 2 25 26 
238352851731591756 2 25 27 
-507644802062029016 2 25 28 
-110431138026802520 2 25 29 
186302047414681956 2 25 30 
21958419802386552 2 25 31 
-641429265497580032 2 25 32 
353402397002756552 2 25 33 
-637649206932405248 2 25 34 
-777130826248345176 2 25 35 
157767645508679612 2 25 36 
-245942953438039804 2 25 37 
167071286947884136 2 25 38 
615340589764435124 2 25 39 
116284764341860 2 25 40 
9836874891499956 2 25 41 
1005108144802076768 2 25 42 
-1334659231396838768 2 25 43 
640475903094312588 2 25 44 
-32465976199829868 2 25 45 
-338767959308544216 2 25 46 
254975620355129036 2 25 47 
803420769582604552 2 25 48 
129992687663550192 2 25 49 
147404136203678816 2 25 50 
345189457306205476 2 25 51 
276141546125201016 2 25 52 
-32379905703186936 2 25 53 
-1420661982019853160 2 25 54 
-307791879100354752 2 25 55 
-71959007332507968 2 25 56 
68168838610567698 2 26 26 
79763564126930181 2 26 27 
-111534422477920710 2 26 28 
-110954074003454691 2 26 29 
300740281554575256 2 26 30 
135817458000305343 2 26 31 
-360101896371517314 2 26 32 
65325736737371505 2 26 33 
-274376918335726692 2 26 34 
-297878478124645287 2 26 35 
30730803754112799 2 26 36 
-282238723021779705 2 26 37 
185617112435443644 2 26 38 
318244522568634738 2 26 39 
-2399516443902003 2 26 40 
-80019075089292384 2 26 41 
749091792262306482 2 26 42 
-683130112356529095 2 26 43 
244609809914328090 2 26 44 
-23297903379468858 2 26 45 
-175193229535092378 2 26 46 
84257580091922802 2 26 47 
348757008928912674 2 26 48 
27306455087040018 2 26 49 
10481318813310882 2 26 50 
209364203337624510 2 26 51 
75166661773743894 2 26 52 
2925655463597400 2 26 53 
-556555119907970982 2 26 54 
-68168838610567698 2 26 55 
18708056811164340 2 26 56 
-82266673524590608 2 27 27 
708478154591211945 2 27 28 
-319591701894239541 2 27 29 
609450971455852848 2 27 30 
596328363932992114 2 27 31 
-416851982800281849 2 27 32 
-570129588110566705 2 27 33 
532848648640778479 2 27 34 
613996887001044426 2 27 35 
-636785359444663042 2 27 36 
-1053598966260039793 2 27 37 
481592500496640420 2 27 38 
57424591760667808 2 27 39 
24855618446551444 2 27 40 
-696678912448151331 2 27 41 
217989366801772240 2 27 42 
314933138540668476 2 27 43 
-669433261082148677 2 27 44 
3501584254787391 2 27 45 
46937130646976091 2 27 46 
-93830382791100389 2 27 47 
-74800534009628899 2 27 48 
-72506272646347287 2 27 49 
-2211236009658101 2 27 50 
-33898006512863089 2 27 51 
-48621493385615781 2 27 52 
9939355381086996 2 27 53 
309490670018279643 2 27 54 
153232567669998231 2 27 55 
22189369137431076 2 27 56 
-302784543338297852 2 28 28 
188523483568994387 2 28 29 
-436668939732683004 2 28 30 
-405670052475458229 2 28 31 
437577083886088616 2 28 32 
224831214851811979 2 28 33 
-188053064619118342 2 28 34 
-370384701144240039 2 28 35 
134830835668437643 2 28 36 
542619916791692065 2 28 37 
-393275666724381232 2 28 38 
235981745246320522 2 28 39 
-28335874163112811 2 28 40 
550056675242136198 2 28 41 
-840205291064096894 2 28 42 
-131672469967302355 2 28 43 
442342749007899600 2 28 44 
-24068206745378460 2 28 45 
-152579779885643652 2 28 46 
126070431193022104 2 28 47 
202575197625240680 2 28 48 
83137047815931888 2 28 49 
-198304387716820724 2 28 50 
426923406978577040 2 28 51 
111398251332855420 2 28 52 
19317016839016356 2 28 53 
-441255961213208160 2 28 54 
-134158048220595396 2 28 55 
6545039090333148 2 28 56 
18126851028254209 2 29 29 
-157156484023488648 2 29 30 
-186310606441333941 2 29 31 
340312563519288581 2 29 32 
103544158170093886 2 29 33 
29879351850301019 2 29 34 
87315380458209213 2 29 35 
304920264751991275 2 29 36 
467975383045106104 2 29 37 
-91741966520429908 2 29 38 
-357613397797141850 2 29 39 
-3486221009516113 2 29 40 
133549245933691785 2 29 41 
-10777120212075818 2 29 42 
437400929760293783 2 29 43 
-117934030486372839 2 29 44 
29362275051341253 2 29 45 
183069470073840597 2 29 46 
-147016894453206335 2 29 47 
-443156381005132717 2 29 48 
-52053909370857153 2 29 49 
-25690403482247267 2 29 50 
-255966386012132767 2 29 51 
-139600542051830115 2 29 52 
-2493437105525580 2 29 53 
730498764108929505 2 29 54 
81773140892239953 2 29 55 
1525866014447904 2 29 56 
17425531335311280 2 30 30 
70188573771754152 2 30 31 
-545539655579529360 2 30 32 
-100902731830123176 2 30 33 
-49789496192117424 2 30 34 
-118121739353064000 2 30 35 
-344168422606717236 2 30 36 
-707232653847531888 2 30 37 
201387069890787936 2 30 38 
680896609826014380 2 30 39 
6381701955843468 2 30 40 
-77930301274173900 2 30 41 
-133478489834652360 2 30 42 
-568117553091745668 2 30 43 
340274617183873044 2 30 44 
-13480404757694544 2 30 45 
-212923087894789800 2 30 46 
187951734864380256 2 30 47 
552277005926719176 2 30 48 
83754336926240772 2 30 49 
-54195889578557304 2 30 50 
430685199379881528 2 30 51 
177970093420847160 2 30 52 
-5409725605942704 2 30 53 
-994473421998051240 2 30 54 
-259796997964633404 2 30 55 
-11648222539493292 2 30 56 
15807116681964398 2 31 31 
-378382732341750951 2 31 32 
-78166048731054145 2 31 33 
-24261173473952987 2 31 34 
-221687396834832192 2 31 35 
-251935793830616404 2 31 36 
-479542613710547833 2 31 37 
251069026389999744 2 31 38 
572538775771403896 2 31 39 
1782879464307754 2 31 40 
79715788926584583 2 31 41 
-135155954838264884 2 31 42 
-603603603908799114 2 31 43 
343835624603350417 2 31 44 
-17950360083718671 2 31 45 
-256331611692453135 2 31 46 
41811375627459805 2 31 47 
473014906389943739 2 31 48 
40598708858676015 2 31 49 
-184467454195259159 2 31 50 
441143470794677321 2 31 51 
64728772929627477 2 31 52 
18649666631222052 2 31 53 
-702646542491641155 2 31 54 
-79059047903373939 2 31 55 
18558794779475160 2 31 56 
566335543334918980 2 32 32 
-111233924667421127 2 32 33 
483113521550208506 2 32 34 
658236933254866311 2 32 35 
269403730614594169 2 32 36 
938388644628773167 2 32 37 
-607573918409033632 2 32 38 
-946756327891858442 2 32 39 
-21518419963318177 2 32 40 
250220472075820350 2 32 41 
-1253932797261227042 2 32 42 
1688779011720376487 2 32 43 
-573910097524985004 2 32 44 
71192810460766632 2 32 45 
503492693605559124 2 32 46 
-219175131069791444 2 32 47 
-1134823098606182332 2 32 48 
-89524255059394572 2 32 49 
-155265316365999920 2 32 50 
-518780253949963480 2 32 51 
-287308664048055648 2 32 52 
1596844413593160 2 32 53 
1767401683264507164 2 32 54 
177523947017824008 2 32 55 
4159696873015200 2 32 56 
-156044690136720363 2 33 33 
119626773392581983 2 33 34 
537921325512475473 2 33 35 
-54540969359645793 2 33 36 
-233227329689743416 2 33 37 
212910518389141936 2 33 38 
-182102527297029038 2 33 39 
8958418520571723 2 33 40 
-251786007756672975 2 33 41 
84821138951071234 2 33 42 
666031604482820911 2 33 43 
-153327386730771631 2 33 44 
34136192328224289 2 33 45 
340908685110135069 2 33 46 
-19522844819312219 2 33 47 
-549152694630369445 2 33 48 
-27893580035579733 2 33 49 
100984195404034585 2 33 50 
-474891018960756583 2 33 51 
-62944509327738195 2 33 52 
-1828693583210832 2 33 53 
706993524928052109 2 33 54 
39458017355707317 2 33 55 
-1879549868936772 2 33 56 
102861359124320430 2 34 34 
-306453473087451165 2 34 35 
-40994699293346775 2 34 36 
357910163899285101 2 34 37 
-417204156780266800 2 34 38 
-93783103623404974 2 34 39 
-11434782018995325 2 34 40 
355777347914303964 2 34 41 
-863376013455974794 2 34 42 
-61380420483702205 2 34 43 
9080729553752770 2 34 44 
-42187669539214350 2 34 45 
-147972613140188226 2 34 46 
-86633653081769422 2 34 47 
126762366598891114 2 34 48 
13189211397173574 2 34 49 
-295986427894209970 2 34 50 
321720614873948242 2 34 51 
-86612878770413634 2 34 52 
5936726208719772 2 34 53 
-73571115726736194 2 34 54 
138830138990202954 2 34 55 
-2103568137550776 2 34 56 
-411886901176135446 2 35 35 
435906468217282668 2 35 36 
1035807418407198321 2 35 37 
-575439627696709740 2 35 38 
-99594229564771464 2 35 39 
-26021671348539966 2 35 40 
647998249261872225 2 35 41 
-310303591348687440 2 35 42 
-534508231575420762 2 35 43 
302546867616165651 2 35 44 
-26650487921026221 2 35 45 
-285462905357081877 2 35 46 
-11340641470127241 2 35 47 
423455894850155577 2 35 48 
45380186288041197 2 35 49 
-162023108813237901 2 35 50 
490841708136557439 2 35 51 
48163348792742655 2 35 52 
7449986006183640 2 35 53 
-511144488972919701 2 35 54 
35783674169619855 2 35 55 
3508371003131232 2 35 56 
94453099116891402 2 36 36 
352408930837098567 2 36 37 
-171626883338643980 2 36 38 
-408137007384292196 2 36 39 
-3828315674896182 2 36 40 
-15198623591475813 2 36 41 
-215438411273333336 2 36 42 
866517047926136254 2 36 43 
-186822269001838819 2 36 44 
52808724173649153 2 36 45 
292087750126034253 2 36 46 
-5608913648155595 2 36 47 
-436645494578949853 2 36 48 
18509199919362819 2 36 49 
212073635126761741 2 36 50 
-514505427786779479 2 36 51 
16717133953738329 2 36 52 
-530907225138372 2 36 53 
518999555682176733 2 36 54 
-102855193031017011 2 36 55 
5131300887940764 2 36 56 
446710698259843767 2 37 37 
-370103853386540312 2 37 38 
-1132366619265281198 2 37 39 
-13570986610128945 2 37 40 
99674910602938683 2 37 41 
-868091802506332370 2 37 42 
2074730825581188043 2 37 43 
-532988038477298845 2 37 44 
95457740154295023 2 37 45 
738856308988855887 2 37 46 
-207839949385294517 2 37 47 
-1498089098819601919 2 37 48 
-133889951174772567 2 37 49 
121040526593020591 2 37 50 
-1006321146445230829 2 37 51 
-269476396701239193 2 37 52 
12760187597261148 2 37 53 
2238785777614110591 2 37 54 
167708180076630903 2 37 55 
12414648510086832 2 37 56 
63501903683531980 2 38 38 
575642584904879788 2 38 39 
8452759071545168 2 38 40 
-50857342734476736 2 38 41 
568559997796359868 2 38 42 
-1180563231750471292 2 38 43 
399567053510521560 2 38 44 
-79192157464486236 2 38 45 
-397411934093378172 2 38 46 
285719186582526760 2 38 47 
920117118842617304 2 38 48 
28016924470082568 2 38 49 
190795704146193064 2 38 50 
404253865041497876 2 38 51 
271818712629273588 2 38 52 
-2504796565849452 2 38 53 
-1491110405900480628 2 38 54 
-180185202776212704 2 38 55 
-4379173534962936 2 38 56 
287974208209022832 2 39 39 
25255810236960032 2 39 40 
-636793716718909278 2 39 41 
1243298012689402272 2 39 42 
-894723911768029268 2 39 43 
-42886193632359110 2 39 44 
-44155505628279270 2 39 45 
-210590816452870794 2 39 46 
174810038167359210 2 39 47 
508431928240393170 2 39 48 
17800771720698150 2 39 49 
155593271117761794 2 39 50 
239784368469220374 2 39 51 
186542387435675058 2 39 52 
-34814539441746924 2 39 53 
-853014793714294878 2 39 54 
-79814835965488254 2 39 55 
-35990686068373440 2 39 56 
3701551766383065 2 40 41 
6130947177434732 2 40 42 
-46487450549812996 2 40 43 
29278138992781375 2 40 44 
-4318542023463753 2 40 45 
-11445742529762865 2 40 46 
6242354294637647 2 40 47 
34676535359290537 2 40 48 
498131928212157 2 40 49 
-3132067992242305 2 40 50 
22867366460415523 2 40 51 
12143947746404451 2 40 52 
1136723744691108 2 40 53 
-55744876432009293 2 40 54 
-4103622732176829 2 40 55 
3290286750961356 2 40 56 
-100583735281375218 2 41 41 
-249160917792944094 2 41 42 
1021556617638155613 2 41 43 
-567468689767214334 2 41 44 
68432891815117086 2 41 45 
291367664361833838 2 41 46 
-169304444170578990 2 41 47 
-568049845520233530 2 41 48 
-91015828838501466 2 41 49 
135208844610139074 2 41 50 
-551433796125497718 2 41 51 
-129272840310986502 2 41 52 
-3515376167151036 2 41 53 
987115133376202626 2 41 54 
124006737890051190 2 41 55 
12156030258909360 2 41 56 
560146100410333980 2 42 42 
-1326474248753783960 2 42 43 
927448804562342794 2 42 44 
-57952465463978070 2 42 45 
-326196911292160518 2 42 46 
506975397163156362 2 42 47 
1046750938822867614 2 42 48 
176822358617549298 2 42 49 
447185796298459974 2 42 50 
307693605059462934 2 42 51 
532868452354421658 2 42 52 
-14180105528439312 2 42 53 
-2089810141274522706 2 42 54 
-653990364578222154 2 42 55 
-26339538054378492 2 42 56 
357288435938378488 2 43 43 
-46486914861828801 2 43 44 
27004541974476867 2 43 45 
79696214423668755 2 43 46 
-201118179713313773 2 43 47 
-430790356876660075 2 43 48 
-36318384756610911 2 43 49 
-294562834266113537 2 43 50 
25861922688107279 2 43 51 
-193714719136021473 2 43 52 
5741671739315832 2 43 53 
840812327464734951 2 43 54 
213056341301262447 2 43 55 
-1377148900839228 2 43 56 
-136786285994917780 2 44 44 
-5875338688478040 2 44 45 
68149535234092092 2 44 46 
-46586946782957408 2 44 47 
17212500034376156 2 44 48 
-54791767050774372 2 44 49 
350655906940388248 2 44 50 
-368941511877713188 2 44 51 
-11805940149030552 2 44 53 
-1055762955415140 2 45 53 
2714576967567324 2 46 53 
-2840556453959112 2 47 53 
2602439565065472 2 53 53 
1298402108618916 2 53 56 
-4002005782417884 2 56 56 
-1022341456055736 2 57 0 
2026965671528952 2 57 1 
-252493391795304 2 57 2 
-374922443002248 2 57 3 
-2396997231681720 2 57 5 
830167392392712 2 57 6 
-1288031361696072 2 57 8 
1205229521563440 2 58 0 
-10854588557272272 2 58 1 
-1205229521563440 2 58 2 
-5480994881732208 2 58 3 
1522354066813104 2 58 4 
-3272873894902584 2 58 5 
-5545302851958048 2 58 6 
-1205229521563440 2 58 7 
6106889679066048 2 58 8 
1616980159984056 2 59 0 
42574775313528 2 59 1 
-530117934908952 2 59 2 
606190603387704 2 59 3 
-849589217318088 2 59 4 
2130680773675200 2 59 5 
457367520604344 2 59 6 
-1975512519755448 2 59 8 
-2303538231482472 2 60 0 
4626989269781736 2 60 1 
-300084307860600 2 60 2 
2634456205871304 2 60 3 
-930450278724648 2 60 4 
-1739224252854552 2 60 5 
-883748069848776 2 60 6 
-300084307860600 2 60 7 
-951703997231256 2 60 8 
-554055882709608 2 61 0 
2712527241766824 2 61 1 
1839194554466232 2 61 2 
-2028803898222024 2 61 3 
335988028049880 2 61 4 
-4551721796233056 2 61 5 
-833907927296616 2 61 6 
-1530883998975288 2 61 8 
-1066934743550544 2 62 0 
2764998678228288 2 62 1 
-972081869520432 2 62 2 
-1501621859236704 2 62 3 
5144732389056 2 62 4 
446033995299840 2 62 5 
1668670012607472 2 62 6 
2554200643645104 2 62 7 
-2819973701115360 2 62 8 
-1903152279104760 2 63 0 
-203950198588824 2 63 1 
2161695060047112 2 63 2 
-1759406111669592 2 63 3 
-1468312648016184 2 63 4 
1151071974917016 2 63 5 
-769033394311752 2 63 6 
2161695060047112 2 63 7 
1468312648016184 2 63 8 
1653679758860712 2 64 0 
96637973195784 2 64 1 
-1550247183779760 2 64 2 
-2056355108709312 2 64 3 
342001738395024 2 64 4 
939097175944176 2 64 5 
-953536745765712 2 64 6 
342001738395024 2 64 7 
2362745924016912 2 65 0 
2270643658404672 2 65 1 
-2150191071001632 2 65 2 
5501914155194880 2 65 3 
-3196267415275632 2 65 4 
1133245794817200 2 65 6 
-907280797701192 2 66 0 
-252552981834552 2 66 1 
164699330037120 2 67 0 
150042742738800 3 0 0 1 
238394435232240 3 0 0 2 
84749238126960 3 0 0 3 
-113589226662960 3 0 0 4 
228639725618160 3 0 0 5 
-13035361053840 3 0 0 6 
252357812121840 3 0 0 7 
-141409936146480 3 0 0 8 
-47628622126080 3 0 1 2 
-132213320954880 3 0 1 3 
445308428668800 3 0 1 4 
-378427233301440 3 0 1 5 
-391788154551360 3 0 1 6 
-341043465215520 3 0 1 7 
269073975261120 3 0 1 8 
342984592663680 3 0 2 3 
-87569462021760 3 0 2 4 
-222784628094720 3 0 2 5 
291953540332800 3 0 2 6 
-142027278336480 3 0 2 7 
209934176955840 3 0 2 8 
-92040734019360 3 0 3 3 
-71333662603200 3 0 3 4 
63881503469760 3 0 3 5 
-133050415707840 3 0 3 6 
-16875846288480 3 0 3 7 
-51031052330880 3 0 3 8 
163374396622560 3 0 4 4 
191533627172160 3 0 4 5 
-122364714934080 3 0 4 6 
272290976930400 3 0 4 7 
-204384078311040 3 0 4 8 
12850451138880 3 0 5 6 
137075810857440 3 0 5 7 
-65106320903040 3 0 5 8 
161046808125120 3 0 6 6 
-67906898619360 3 0 6 7 
108916580307840 3 0 7 7 
-149926261996320 3 0 7 8 
33222797931360 3 1 1 2 
136149735921600 3 1 1 3 
-420404855099520 3 1 1 4 
87229789471680 3 1 1 5 
42
-8034144499584 1 9 
1691227909872 1 10 
9140837054112 1 11 
-8656469849088 1 12 
-391146870528 1 13 
22503919509072 1 16 
-391146870528 1 17 
-6007893087024 1 18 
4974717374064 1 20 
-16109249452416 1 21 
3597778356624 1 22 
9016595509968 1 23 
-4903428738672 1 24 
-782293741056 1 25 
-6468186898224 1 26 
19366434963648 1 27 
-4244177099952 1 28 
-10512206728848 1 29 
6803354802432 1 30 
-4701300452064 1 31 
-3459484475280 1 32 
-5491305230544 1 33 
8231902885296 1 34 
-2870408541600 1 35 
-784692624672 1 36 
-9148548091536 1 37 
14434383898944 1 38 
13886326690176 1 39 
4298956624464 1 41 
-11367245736000 1 42 
-5150712385152 1 43 
4244177099952 1 44 
-392346312336 1 45 
7250651316720 1 46 
-5091247880784 1 47 
-4974717374064 1 48 
392346312336 1 49 
-18944266883472 1 50 
14276274118896 1 51 
-3919778286480 1 52 
19869395084208 1 54 
6468186898224 1 55 


