3

257

28
0 0 257 2 -6 10 0 3 3 3 4 6 6 7 9 10 13 
1 0 257 2 -6 10 0 2 3 3 5 5 7 8 8 11 12 
2 0 257 2 -6 10 0 2 2 3 4 5 6 7 9 11 13 
3 0 257 2 -6 10 0 1 4 4 5 5 6 7 9 11 12 
4 0 257 2 -6 10 0 1 3 3 4 4 7 7 10 11 12 
5 0 257 2 -6 10 0 1 2 2 3 3 5 5 7 8 18 
6 0 257 2 -6 10 0 1 1 2 2 3 5 7 9 12 14 
7 0 257 3 -3 9 0 5 5 5 5 6 6 10 11 11 
8 0 257 3 -3 9 0 4 6 6 6 6 6 7 10 13 
9 0 257 3 -3 9 0 4 5 5 5 6 8 9 11 11 
10 0 257 3 -3 9 0 4 4 4 4 5 6 8 10 15 
11 0 257 3 -3 9 0 3 6 6 6 6 6 9 10 12 
12 0 257 3 -3 9 0 3 5 5 5 5 6 10 10 13 
13 0 257 3 -3 9 0 3 4 4 4 4 6 7 10 16 
14 0 257 3 -3 9 0 3 3 3 3 4 4 6 7 19 
15 0 257 3 -3 9 0 2 6 6 6 6 8 9 10 11 
16 0 257 3 -3 9 0 2 5 5 5 5 6 7 10 15 
17 0 257 3 -3 9 0 2 4 4 4 4 5 9 12 14 
18 0 257 3 -3 9 0 2 3 3 3 3 5 7 12 16 
19 0 257 3 -3 9 0 2 2 2 2 3 4 7 10 18 
20 0 257 3 -3 9 0 1 6 6 7 7 9 9 9 10 
21 0 257 3 -3 9 0 1 5 5 5 5 6 9 10 14 
22 0 257 3 -3 9 0 1 4 4 4 4 5 6 8 18 
23 0 257 3 -3 9 0 1 3 3 3 3 4 5 6 20 
24 0 257 3 -3 9 0 1 2 2 2 2 2 4 6 21 
25 0 257 3 -3 9 0 1 1 1 1 2 2 3 3 22 
26 0 257 3 -3 9 0 5 5 5 5 6 7 8 11 12 
27 0 257 3 -3 9 0 4 5 5 5 7 7 9 10 12 

145
-726088 2 7 0 
-481274 2 7 1 
406922 2 7 2 
-523546 2 7 3 
-407650 2 7 4 
-650768 2 7 5 
32104 2 7 6 
322468 2 8 0 
554540 2 8 1 
-1473530 2 8 2 
1228564 2 8 3 
-208578 2 8 4 
-1589948 2 8 5 
-1065782 2 8 6 
52624 2 9 0 
6288 2 9 1 
-247764 2 9 2 
242946 2 9 3 
-157624 2 9 4 
-284724 2 9 5 
-510326 2 9 6 
213006 2 10 0 
-640348 2 10 1 
568860 2 10 2 
-728886 2 10 3 
-61994 2 10 4 
254118 2 10 5 
318896 2 10 6 
39308 2 11 0 
428644 2 11 1 
-703446 2 11 2 
393718 2 11 3 
-117184 2 11 4 
-206078 2 11 5 
647118 2 11 6 
-5794 2 12 0 
5883 2 12 1 
694782 2 12 2 
-434665 2 12 3 
584237 2 12 4 
1453702 2 12 5 
1299680 2 12 6 
928460 2 13 0 
957674 2 13 1 
-2730994 2 13 2 
696562 2 13 3 
-316040 2 13 4 
-455840 2 13 5 
-208330 2 13 6 
-20852 2 14 0 
30901 2 14 1 
276472 2 14 2 
-304087 2 14 3 
9061 2 14 4 
317422 2 14 5 
318410 2 14 6 
-60160 2 15 0 
-616190 2 15 1 
992944 2 15 2 
-1283840 2 15 3 
-180612 2 15 4 
157634 2 15 5 
-62428 2 15 6 
-798404 2 16 0 
-764832 2 16 1 
1436404 2 16 2 
-687622 2 16 3 
-4038 2 16 4 
252836 2 16 5 
-98060 2 16 6 
-61152 2 17 0 
-214597 2 17 1 
1187934 2 17 2 
-563685 2 17 3 
135161 2 17 4 
271214 2 17 5 
289356 2 17 6 
-31018 2 18 0 
-390334 2 18 1 
286376 2 18 2 
-477768 2 18 3 
-106994 2 18 4 
-337236 2 18 5 
-101702 2 18 6 
-611294 2 19 0 
94283 2 19 1 
263406 2 19 2 
1179369 2 19 3 
127797 2 19 4 
-147648 2 19 5 
-780782 2 19 6 
-124940 2 20 0 
-517282 2 20 1 
1277246 2 20 2 
-150210 2 20 3 
307080 2 20 4 
1171948 2 20 5 
874750 2 20 6 
26646 2 21 0 
1487281 2 21 1 
-606434 2 21 2 
-454833 2 21 3 
-512227 2 21 4 
-1447254 2 21 5 
-2051704 2 21 6 
-262308 2 22 0 
-68586 2 22 1 
1107430 2 22 2 
-136470 2 22 3 
106070 2 22 4 
833582 2 22 5 
1161624 2 22 6 
-628394 2 23 0 
-1023845 2 23 1 
1820780 2 23 2 
-905517 2 23 3 
44453 2 23 4 
291262 2 23 5 
-83304 2 23 6 
85384 2 24 0 
488959 2 24 1 
-642540 2 24 2 
638949 2 24 3 
205619 2 24 4 
199174 2 24 5 
-113096 2 24 6 
53612 2 25 0 
372442 2 25 1 
-207604 2 25 2 
1680 2 25 3 
89102 2 25 4 
293556 2 25 5 
90782 2 25 6 
599434 2 26 0 
727493 2 26 1 
-378350 2 26 2 
258315 2 26 3 
747357 2 26 4 
746750 2 26 5 
277572 2 26 6 
32760 2 27 0 
-430872 2 27 1 
5880 2 27 2 
32760 2 27 3 
32760 2 27 6 

5
65520 1 1 
65520 1 3 
65520 1 4 
131040 1 5 
131040 1 6 

---------------------
weight

level

wnumJFs
JFlist (entrynum  type  weight  level  power of eta  length  numHeckeOps HeckeOps d1 ... dlength)

number of numerator terms
numertermlist (coefficient  num JFs  JF indices)

number of denominator terms
denomtermlist (coefficient  num JFs  JF indices)

