2
277
10
0 0 277 2 -6 10 0 2 4 4 4 5 6 8 9 10 14 
1 0 277 2 -6 10 0 2 3 4 5 5 7 7 9 10 14 
2 0 277 2 -6 10 0 2 3 4 4 5 7 8 9 11 13 
3 0 277 2 -6 10 0 2 3 3 5 6 6 8 9 11 13 
4 0 277 2 -6 10 0 2 3 3 5 5 8 8 8 11 13 
5 0 277 2 -6 10 0 2 3 3 5 5 7 8 10 10 13 
6 0 277 2 -6 10 0 2 3 3 4 5 6 7 9 10 15 
7 0 277 2 -6 10 0 2 2 4 5 6 7 7 9 11 13 
8 0 277 2 -6 10 0 2 2 4 4 6 7 8 10 11 12 
9 0 277 2 -6 10 0 2 2 3 5 6 7 9 9 11 12 
20
-1 2 0 1 
-14 2 0 6 
-2 2 1 1 
-2 2 1 2 
3 2 1 3 
-5 2 1 4 
-3 2 1 5 
6 2 1 6 
6 2 1 7 
2 2 1 8 
17 2 2 6 
-15 2 3 5 
-3 2 3 6 
-10 2 4 6 
3 2 5 6 
15 2 5 9 
11 2 6 6 
-6 2 6 7 
-2 2 6 8 
15 2 6 9 
2
1 1 1 
-1 1 6 

