3
257

257 16 1
2

26
2 31 30 
3 97 35 
5 331 64 
7 827 270 
11 2971 1414 
13 4889 3088 
17 10711 8950 
19 14593 6037 
23 25577 751
29 50867 1738
31 62311 1674
37 104711 6050
41 141697 4686
43 162971 9482
47 213193 773
53 303691 4420
59 418783 1132
61 231923 2440
67 612113 7753
71 726331 16527
73 790883 12126
79 999667 10176
83 1157851 8388
89 1427383 11862
97 1844747 50821
101 2081813 69012


Comments below ignored.
Beware of bad primes.
--------------------------
weight
level

Restriction matrix
Desired up to dot product with restriction matrix

numHecke
list of  heckeL  modn  Lroot

