3
525

2625 644 158
28

25
2 31 30 
3 97 35 
5 331 64 
7 827 270 
11 2971 1414 
13 4889 3088 
17 10711 8950 
19 14593 6037 
23 25577 10691 
29 50867 8006 
31 62311 28310 
37 104711 99579 
41 141697 137258 
43 162971 115204 
47 213193 208919 
53 303691 173384 
59 418783 403363 
61 464089 112488 
67 612113 395224 
71 726331 641472 
73 790883 681434 
79 999667 554086 
83 1157851 860535 
89 1427383 86519 
97 1844747 86012 

1
2 31 30

1
5 1021 589
19 1103 17

73 394931 9667

61 231923 2440

59 10267 682
5 1021 589

--------------------------
weight
level

Restriction matrix
Desired up to dot product with restriction matrix

numHecke
list of  heckeL  modn  Lroot

