2
587
10
-6
18
3 5 6 6 7 9 12 13 15 20
3 5 5 7 8 8 12 13 15 20
3 5 5 6 7 10 12 13 16 19
3 4 5 7 8 9 12 13 16 19
3 4 5 7 7 10 12 14 15 19
3 4 5 6 8 11 11 14 15 19
3 4 4 8 8 11 12 12 14 20
3 4 4 7 8 11 12 13 15 19
3 3 5 7 8 10 12 15 15 18
3 3 5 6 8 9 12 13 14 21
3 3 4 6 7 10 13 13 16 19
3 3 4 5 7 8 12 13 17 20
2 5 6 7 8 9 11 13 15 20
2 5 6 7 7 9 12 13 16 19
2 5 5 7 9 10 11 12 15 20
2 5 5 7 8 9 12 13 17 18
2 4 5 6 7 9 12 13 17 19
2 4 5 5 6 9 11 13 16 21
8
0
115
1 1 1 1 1 1 12 32
1 1 1 1 1 2 3 34
1 1 1 1 1 2 18 29
1 1 1 1 1 3 22 26
1 1 1 1 1 4 8 33
1 1 1 1 1 8 9 32
1 1 1 1 1 8 12 31
1 1 1 1 1 8 23 24
1 1 1 1 1 10 13 30
1 1 1 1 1 12 20 25
1 1 1 1 1 13 18 26
1 1 1 1 1 18 19 22
1 1 1 1 2 3 14 31
1 1 1 1 2 6 13 31
1 1 1 1 2 6 17 29
1 1 1 1 2 7 21 26
1 1 1 1 2 10 15 29
1 1 1 1 2 10 21 25
1 1 1 1 2 14 21 23
1 1 1 1 3 3 24 24
1 1 1 1 3 4 11 32
1 1 1 1 3 4 19 28
1 1 1 1 3 6 6 33
1 1 1 1 3 8 16 29
1 1 1 1 3 10 10 31
1 1 1 1 3 14 17 26
1 1 1 1 3 19 20 20
1 1 1 1 4 7 9 32
1 1 1 1 4 7 12 31
1 1 1 1 4 7 23 24
1 1 1 1 4 12 13 29
1 1 1 1 4 15 20 23
1 1 1 1 5 7 14 30
1 1 1 1 6 17 19 22
1 1 1 1 7 10 11 30
1 1 1 1 9 17 20 20
1 1 1 1 14 17 18 19
1 1 1 2 3 10 23 23
1 1 1 2 3 11 19 26
1 1 1 2 5 11 11 30
1 1 1 2 6 7 11 31
1 1 1 3 4 4 13 31
1 1 1 3 4 4 17 29
1 1 1 3 5 7 8 32
1 1 1 3 5 16 16 25
1 1 1 3 7 10 22 23
1 1 1 3 9 9 10 30
1 1 1 3 15 17 18 18
1 1 1 4 4 5 5 33
1 1 1 6 14 17 17 19
1 1 1 7 9 10 10 29
1 1 1 9 16 16 17 17
1 1 2 2 2 2 16 30
1 1 2 2 2 6 10 32
1 1 2 2 2 8 14 30
1 1 2 2 5 5 5 33
1 1 2 2 5 9 23 23
1 1 2 2 7 7 15 29
1 1 2 2 7 15 19 23
1 1 2 3 3 14 15 27
1 1 2 3 3 15 21 22
1 1 2 5 6 7 23 23
1 1 2 6 6 6 6 32
1 1 2 12 16 16 16 16
1 1 3 3 3 4 20 27
1 1 3 3 5 12 12 29
1 1 3 4 5 5 16 29
1 1 4 5 5 15 16 25
1 1 4 7 8 9 11 29
1 1 4 15 15 15 15 16
1 1 5 6 7 7 22 23
1 1 8 9 9 9 9 28
1 1 8 12 14 16 16 16
1 2 2 2 2 2 8 33
1 2 2 2 2 9 20 26
1 2 2 2 2 12 22 23
1 2 2 2 7 12 22 22
1 2 2 3 3 9 15 29
1 2 2 3 4 4 10 32
1 2 2 3 17 17 17 17
1 2 3 11 11 11 11 26
1 2 3 13 13 13 13 22
1 2 4 4 4 4 4 33
1 2 5 5 6 19 19 19
1 2 10 13 15 15 15 15
1 2 13 13 13 13 13 18
1 3 4 5 5 5 17 28
1 3 7 7 7 7 22 22
1 4 7 9 9 9 9 28
1 4 12 13 13 15 15 15
1 5 5 5 5 8 15 28
1 7 12 14 14 14 14 14
2 2 2 2 2 3 11 32
2 2 2 2 2 5 20 27
2 2 2 2 2 7 12 31
2 2 2 2 2 9 17 28
2 2 2 3 8 8 8 31
2 2 2 5 5 12 22 22
2 2 3 3 3 3 17 29
2 3 4 4 12 12 20 21
2 3 5 5 6 15 15 25
2 3 8 8 8 8 8 29
2 4 4 4 4 4 19 27
2 4 6 6 6 6 7 31
2 6 9 9 9 9 9 27
2 7 7 7 7 7 21 22
2 8 8 8 8 8 11 27
2 10 12 13 13 14 14 14
3 4 4 4 14 14 14 23
3 5 5 5 5 5 16 28
4 4 4 4 4 5 13 30
4 12 13 13 13 13 13 13
5 7 8 8 9 9 9 27
7 7 7 7 7 10 10 27
8 11 12 13 13 13 13 13
4
0
14
1 1 3 24
1 1 12 21
1 8 9 21
1 9 12 19
3 3 13 20
3 4 11 21
3 8 15 17
4 7 9 21
4 11 15 15
5 9 9 20
5 9 15 16
7 12 13 15
8 9 9 19
9 9 13 16
84
388 1 1
146 1 2
944 1 3
528 1 4
823 1 5
965 1 6
725 1 7
40 1 8
473 1 9
492 1 10
338 1 11
262 1 12
115 1 13
783 1 14
925 1 15
374 1 16
941 1 17
706 1 18
864 2 2
246 2 3
1075 2 4
686 2 5
548 2 6
1069 2 7
569 2 8
121 2 9
1013 2 10
358 2 11
568 2 12
698 2 13
294 2 14
99 2 15
697 2 16
306 2 17
356 2 18
992 3 3
950 3 4
403 3 5
1074 3 6
809 3 7
494 3 8
743 3 9
36 3 10
188 3 11
756 3 12
245 3 13
897 3 14
1006 3 15
291 3 16
1043 3 17
981 3 18
267 4 4
241 4 5
1066 4 6
1052 4 7
1067 4 8
499 4 9
109 4 10
246 4 11
848 4 12
944 4 13
742 4 14
435 4 15
562 4 16
845 4 17
1046 4 18
367 5 5
827 5 6
435 5 7
169 5 8
861 5 9
799 5 10
546 5 11
926 5 12
1049 5 13
77 5 14
974 5 15
584 14 14
974 15 16
974 15 17
974 16 16
974 16 17
974 17 17
974 17 18
115
292 1
880 2
1100 3
692 4
493 5
951 6
776 7
581 8
899 9
676 10
232 11
712 12
935 13
508 14
555 15
473 16
574 17
895 18
834 19
479 20
901 21
326 22
950 23
949 24
361 25
260 26
79 27
944 28
29 29
1037 30
59 31
477 32
464 33
684 34
53 35
441 36
407 37
809 38
859 39
631 40
937 41
225 42
1008 43
498 44
196 45
716 46
475 47
125 48
473 49
649 50
46 51
657 52
782 53
593 54
102 55
368 56
186 57
309 58
319 59
1044 60
953 61
715 62
983 63
1077 64
1063 65
312 66
516 67
730 68
310 69
352 70
227 71
3 72
57 73
404 74
134 75
760 76
592 77
649 78
135 79
302 80
438 81
603 82
98 83
25 84
68 85
165 86
9 87
135 88
1007 89
342 90
234 91
573 92
776 93
674 94
216 95
906 96
41 97
1000 98
1034 99
727 100
203 101
220 102
493 103
544 104
505 105
422 106
218 107
430 108
731 109
793 110
53 111
947 112
753 113
109 114
186 115
171
1059 1 1
458 1 2
286 1 3
448 1 4
438 1 5
335 1 6
146 1 7
628 1 8
642 1 9
450 1 10
312 1 11
900 1 12
956 1 13
721 1 14
435 1 15
341 1 16
388 1 17
373 1 18
1073 2 2
49 2 3
332 2 4
240 2 5
662 2 6
769 2 7
324 2 8
174 2 9
913 2 10
691 2 11
576 2 12
997 2 13
866 2 14
480 2 15
292 2 16
316 2 17
4 2 18
1023 3 3
11 3 4
855 3 5
924 3 6
809 3 7
579 3 8
39 3 9
809 3 10
222 3 11
1064 3 12
335 3 13
79 3 14
854 3 15
737 3 16
360 3 17
42 3 18
370 4 4
366 4 5
1076 4 6
240 4 7
972 4 8
775 4 9
481 4 10
564 4 11
362 4 12
1088 4 13
938 4 14
685 4 15
725 4 16
1034 4 17
622 4 18
438 5 5
755 5 6
919 5 7
658 5 8
286 5 9
178 5 10
1053 5 11
702 5 12
735 5 13
427 5 14
1046 5 15
516 5 16
956 5 17
259 5 18
621 6 6
461 6 7
695 6 8
356 6 9
657 6 10
330 6 11
581 6 12
246 6 13
376 6 14
115 6 15
348 6 16
545 6 17
374 6 18
650 7 7
136 7 8
769 7 9
100 7 10
198 7 11
194 7 12
779 7 13
290 7 14
23 7 15
995 7 16
878 7 17
927 7 18
140 8 8
905 8 9
873 8 10
266 8 11
487 8 12
497 8 13
304 8 14
1035 8 15
783 8 16
447 8 17
410 8 18
69 9 9
976 9 10
720 9 11
83 9 12
1035 9 13
237 9 14
910 9 15
666 9 16
158 9 17
822 9 18
648 10 10
175 10 11
325 10 12
998 10 13
756 10 14
1020 10 15
1032 10 16
670 10 17
528 10 18
996 11 11
576 11 12
332 11 13
829 11 14
458 11 15
622 11 16
197 11 17
758 11 18
638 12 12
54 12 13
889 12 14
69 12 15
1070 12 16
255 12 17
1046 12 18
540 13 13
408 13 14
446 13 15
64 13 16
777 13 17
215 13 18
109 14 14
1031 14 15
494 14 16
920 14 17
88 14 18
55 15 15
801 15 16
31 15 17
357 15 18
1003 16 16
927 16 17
805 16 18
62 17 17
561 17 18
564 18 18
90
902 1 2
281 1 3
589 1 4
882 1 5
485 1 6
132 1 7
1056 1 8
170 1 9
636 1 10
723 1 11
26 1 12
918 1 14
175 2 3
996 2 4
942 2 5
573 2 6
986 2 7
508 2 8
612 2 9
927 2 10
142 2 11
477 2 12
434 2 13
445 2 14
254 3 4
462 3 5
472 3 6
575 3 7
296 3 8
311 3 9
4 3 10
1024 3 11
991 3 12
1085 3 13
129 3 14
729 4 5
456 4 6
68 4 7
277 4 8
330 4 9
946 4 10
91 4 11
643 4 12
708 4 13
493 4 14
1011 5 6
42 5 7
266 5 8
1095 5 9
1078 5 10
447 5 11
667 5 12
727 5 13
1045 5 14
124 6 7
80 6 8
1017 6 9
958 6 10
608 6 11
212 6 12
1005 6 13
703 6 14
947 7 8
546 7 9
664 7 10
981 7 11
1032 7 12
192 7 13
868 7 14
623 8 9
901 8 10
566 8 11
51 8 12
417 8 13
99 8 14
437 9 10
773 9 11
758 9 12
149 9 13
593 9 14
278 10 11
534 10 12
907 10 13
951 10 14
205 11 12
1060 11 13
1033 11 14
995 12 13
328 12 14
812 13 14
18
1 1
723 2
485 3
281 4
389 5
890 6
305 7
282 8
721 9
589 10
746 11
224 12
616 13
960 14
211 15
587 16
599 17
163 18

2348 137 8
15
TwHR-587plus-T19-1103
1
19 1103 17

--------------------------
weight
level
ell
t1
numThetaBlocks at weight using eta^t1
Theta Blocks (ell numbers each)
ell2
t2
numThetaBlocks at 2*weight using eta^t2
Theta Blocks (ell2 numbers each)
ell3
t3
numTweak Theta Blocks using eta^t3
Tweak theta blocks (ell3 numbers each)
number of G2i*G2j coefficients
list of coeff  index1 index2  CAUTION: these indices are 1 based!!
number of G4i coefficients
list of coeff index
number of T2G2iG2j coeffices
list of coeff index1 index2
number of TwiTwj coeffices
list of coeff index1 index2
number of terms in denominator
list of coeff index 1 index 2
Restriction matrix
Desired up to dot product with restriction matrix 
output file root
numHecke
list of  heckeL  modn  Lroot
